47
0 0.0559238 75000 3 3
0.0559238 0.229909 110000 3 3
0.229909 0.335543 169000 3 3
0.335543 0.466031 176000 3 3
0.466031 0.758078 156000 3 3
0.758078 1.40431 169000 3 3
1.40431 1.73985 93000 3 3
1.73985 2.05054 152000 3 3
2.05054 2.29287 172000 2 2
2.29287 2.79619 130000 2 2
2.79619 2.97639 138000 2 2
2.97639 3.22494 153000 2 2
3.22494 3.6599 133000 2 2
3.6599 3.93952 148000 2 2
3.93952 4.17564 144000 2 2
4.17564 4.4739 154000 2 2
4.4739 4.77837 145000 2 2
4.77837 5.57995 152000 2 2
5.57995 5.95899 151000 2 2
5.95899 6.1889 161000 2 2
6.1889 6.56172 147000 2 2
6.56172 6.79163 177000 2 2
6.79163 7.26387 102000 4 4
7.26387 7.72991 195000 4 4
7.72991 8.07166 177000 4 3
8.07166 8.33885 192000 4 3
8.33885 8.56255 141000 3 3
8.56255 9.21499 158000 3 3
9.21499 9.79287 130000 3 3
9.79287 10.5944 185000 3 3
10.5944 10.9486 171000 3 3
10.9486 11.048 185000 3 3
11.048 11.5576 161000 3 3
11.5576 12.123 193000 3 3
12.123 12.5953 168000 3 3
12.5953 13.2229 132000 3 3
13.2229 13.8691 164000 3 3
13.8691 14.5837 152000 3 3
14.5837 14.8384 112000 3 3
14.8384 14.9689 124000 3 3
14.9689 15.087 116000 3 3
15.087 15.4287 107000 3 3
15.4287 16.3484 128000 3 3
16.3484 17.0257 91000 3 3
17.0257 18.5667 119000 3 3
18.5667 18.7717 50000 3 3
18.7717 18.8401 35000 3 3
