135
62.7154 63.2995 65000 3 3
63.2995 64.1073 85000 3 3
64.1073 64.2626 108000 3 3
64.2626 65.1263 101000 3 3
65.1263 65.6358 144000 3 4
65.6358 66.0087 123000 3 4
66.0087 66.5431 143000 3 4
66.5431 66.9469 124000 4 4
66.9469 67.3943 135000 4 4
67.3943 67.6926 116000 4 3
67.6926 68.053 100000 3 3
68.053 69.2398 119000 3 3
69.2398 69.8612 89000 3 3
69.8612 70.7435 105000 3 3
70.7435 71.2407 101000 3 3
71.2407 72.3405 118000 3 3
72.3405 72.8562 118000 3 3
72.8562 73.1856 128000 3 3
73.1856 73.5708 120000 3 3
73.5708 73.7386 129000 3 3
73.7386 74.1798 116000 3 3
74.1798 74.8508 125000 3 3
74.8508 75.4349 116000 3 3
75.4349 76.0563 136000 3 3
76.0563 76.4851 124000 3 3
76.4851 76.6031 139000 3 3
76.6031 77.0132 135000 4 4
77.0132 77.2556 152000 4 4
77.2556 77.7278 137000 4 4
77.7278 78.0447 149000 4 4
78.0447 78.4175 132000 4 4
78.4175 78.9954 148000 4 4
78.9954 79.5733 110000 4 4
79.5733 79.9026 177000 4 4
79.9026 80.3811 169000 4 4
80.3811 80.7912 161000 4 4
80.7912 80.9714 199000 4 4
80.9714 81.5368 180000 4 4
81.5368 81.6176 197000 4 4
81.6176 82.5745 134000 4 3
82.5745 83.053 164000 4 3
83.053 83.3761 170000 4 3
83.3761 83.6433 225000 4 3
83.6433 83.867 209000 4 3
83.867 84.0845 179000 4 3
84.0845 84.8239 205000 4 4
84.8239 85.2216 193000 4 4
85.2216 85.7746 170000 4 4
85.7746 88.0116 190000 4 4
88.0116 88.7075 137000 5 5
88.7075 89.273 180000 5 5
89.273 89.857 161000 5 5
89.857 91.0252 192000 5 5
91.0252 91.5161 180000 5 5
91.5161 93.1006 203000 5 5
93.1006 94.1383 212000 5 5
94.1383 94.4677 215000 5 5
94.4677 94.8964 195000 5 5
94.8964 96.425 224000 5 5
96.425 96.6797 239000 4 3
96.6797 97.1147 172000 5 4
97.1147 97.9908 191000 4 4
97.9908 98.0841 193000 4 4
98.0841 98.3761 188000 4 4
98.3761 99.8798 206000 4 4
99.8798 100.812 193000 4 4
100.812 101.154 236000 4 4
101.154 101.508 186000 3 3
101.508 101.582 238000 2 3
101.582 102.042 242000 2 3
102.042 102.707 149000 2 3
102.707 102.943 124000 4 4
102.943 103.123 184000 4 4
103.123 103.241 207000 4 4
103.241 103.558 193000 4 4
103.558 103.987 191000 4 4
103.987 104.012 219000 4 4
104.012 104.267 210000 4 4
104.267 104.584 157000 4 4
104.584 104.739 190000 4 4
104.739 105.019 206000 4 4
105.019 105.454 173000 4 4
105.454 105.659 171000 4 4
105.659 105.944 189000 4 4
105.944 106.199 159000 3 3
106.199 106.392 172000 3 3
106.392 106.727 155000 3 3
106.727 107.2 177000 3 3
107.2 107.591 187000 3 3
107.591 107.815 213000 4 4
107.815 108.287 198000 4 4
108.287 108.803 173000 4 4
108.803 108.915 194000 3 3
108.915 109.064 193000 3 3
109.064 109.232 194000 3 3
109.232 109.704 173000 3 3
109.704 110.089 188000 3 3
110.089 110.984 162000 3 3
110.984 111.332 183000 3 3
111.332 111.605 166000 3 3
111.605 112.071 195000 3 3
112.071 112.662 171000 3 3
112.662 113.457 158000 3 3
113.457 113.83 141000 3 3
113.83 114.078 196000 3 3
114.078 114.625 162000 3 3
114.625 115.688 186000 3 3
115.688 116.116 152000 3 3
116.116 116.539 178000 3 3
116.539 117.247 173000 3 3
117.247 118.043 129000 3 3
118.043 119.596 197000 4 4
119.596 119.888 162000 4 3
119.888 120.143 187000 3 4
120.143 120.329 174000 3 4
120.329 120.82 129000 3 3
120.82 120.895 155000 3 3
120.895 123.411 134000 3 3
123.411 123.623 152000 3 3
123.623 124.014 121000 3 3
124.014 124.43 136000 3 3
124.43 125.014 112000 3 3
125.014 125.63 122000 3 3
125.63 126.058 96000 3 3
126.058 127.711 108000 3 3
127.711 128.376 74000 3 3
128.376 129.532 89000 3 3
129.532 129.923 74000 3 3
129.923 130.52 83000 3 3
130.52 130.98 78000 3 3
130.98 131.961 82000 3 3
131.961 132.403 61000 3 3
132.403 133.471 64000 3 3
133.471 133.913 60000 3 3
133.913 135.665 62000 3 3
