27
1.20547 1.26761 13000 2 3
1.26761 1.4913 44000 2 2
1.4913 1.57829 23000 2 2
1.57829 1.73364 23000 2 2
1.73364 2.44822 121000 4 4
2.44822 3.6164 132000 3 3
3.6164 4.07622 132000 3 3
4.07622 4.25642 131000 3 3
4.25642 4.74731 124000 3 3
4.74731 5.40596 151000 3 3
5.40596 5.97141 162000 3 3
5.97141 6.13297 100000 3 3
6.13297 6.30696 75000 3 3
6.30696 7.23281 146000 3 3
7.23281 7.66777 101000 3 3
7.66777 8.26429 130000 3 3
8.26429 8.89809 118000 3 3
8.89809 9.54432 128000 3 3
9.55053 10.1346 86000 3 3
10.1346 10.4702 97000 3 3
10.4702 11.1848 69000 3 3
11.1848 11.4209 63000 3 3
11.4209 12.4089 71000 3 3
12.4089 12.8935 69000 3 3
12.8935 13.807 69000 3 3
13.807 14.2046 58000 3 3
14.2046 15.7643 63000 3 3
